34 34
34 35
34 36
34 37
34 38
34 39
34 40
34 41
34 42
34 43
34 44
34 45
34 46
34 47
34 48
34 49
34 50
34 51
34 52
34 53
34 54
34 55
34 56
34 57
34 58
34 59
34 60
34 61
34 62
34 63
34 64
35 34
35 36
35 62
35 64
36 34
36 35
36 36
36 37
36 38
36 39
36 40
36 41
36 42
36 43
36 44
36 45
36 46
36 47
36 48
36 49
36 50
36 51
36 52
36 53
36 54
36 55
36 56
36 57
36 58
36 59
36 60
36 61
36 62
36 63
36 64
37 34
37 36
37 38
37 60
37 62
37 64
38 34
38 36
38 37
38 38
38 39
38 40
38 41
38 42
38 43
38 44
38 45
38 46
38 47
38 48
38 49
38 50
38 51
38 52
38 53
38 54
38 55
38 56
38 57
38 58
38 59
38 60
38 61
38 62
38 64
39 34
39 36
39 38
39 40
39 58
39 60
39 62
39 64
40 34
40 36
40 38
40 39
40 40
40 41
40 42
40 43
40 44
40 45
40 46
40 47
40 48
40 49
40 50
40 51
40 52
40 53
40 54
40 55
40 56
40 57
40 58
40 59
40 60
40 62
40 64
41 34
41 36
41 38
41 40
41 42
41 44
41 46
41 48
41 50
41 52
41 54
41 56
41 58
41 60
41 62
41 64
42 34
42 36
42 38
42 40
42 41
42 42
42 43
42 44
42 45
42 46
42 47
42 48
42 49
42 50
42 51
42 52
42 53
42 54
42 55
42 56
42 57
42 58
42 60
42 62
42 64
43 34
43 36
43 38
43 40
43 42
43 44
43 46
43 48
43 50
43 52
43 54
43 56
43 58
43 60
43 62
43 64
44 34
44 36
44 38
44 40
44 41
44 42
44 43
44 44
44 45
44 46
44 47
44 48
44 49
44 50
44 51
44 52
44 53
44 54
44 55
44 56
44 57
44 58
44 60
44 62
44 64
45 34
45 36
45 38
45 40
45 42
45 44
45 46
45 48
45 50
45 52
45 54
45 56
45 58
45 60
45 62
45 64
46 34
46 36
46 38
46 40
46 41
46 42
46 43
46 44
46 45
46 46
46 47
46 48
46 49
46 50
46 51
46 52
46 53
46 54
46 55
46 56
46 57
46 58
46 60
46 62
46 64
47 34
47 36
47 38
47 40
47 42
47 44
47 46
47 48
47 50
47 52
47 54
47 56
47 58
47 60
47 62
47 64
48 34
48 36
48 38
48 40
48 41
48 42
48 43
48 44
48 45
48 46
48 47
48 48
48 49
48 50
48 51
48 52
48 53
48 54
48 55
48 56
48 57
48 58
48 60
48 62
48 64
49 34
49 36
49 38
49 40
49 42
49 44
49 46
49 48
49 50
49 52
49 54
49 56
49 58
49 60
49 62
49 64
50 34
50 36
50 38
50 40
50 41
50 42
50 43
50 44
50 45
50 46
50 47
50 48
50 49
50 50
50 51
50 52
50 53
50 54
50 55
50 56
50 57
50 58
50 60
50 62
50 64
51 34
51 36
51 38
51 40
51 42
51 44
51 46
51 48
51 50
51 52
51 54
51 56
51 58
51 60
51 62
51 64
52 34
52 36
52 38
52 40
52 41
52 42
52 43
52 44
52 45
52 46
52 47
52 48
52 49
52 50
52 51
52 52
52 53
52 54
52 55
52 56
52 57
52 58
52 60
52 62
52 64
53 34
53 36
53 38
53 40
53 42
53 44
53 46
53 48
53 50
53 52
53 54
53 56
53 58
53 60
53 62
53 64
54 34
54 36
54 38
54 40
54 41
54 42
54 43
54 44
54 45
54 46
54 47
54 48
54 49
54 50
54 51
54 52
54 53
54 54
54 55
54 56
54 57
54 58
54 60
54 62
54 64
55 34
55 36
55 38
55 40
55 42
55 44
55 46
55 48
55 50
55 52
55 54
55 56
55 58
55 60
55 62
55 64
56 34
56 36
56 38
56 40
56 41
56 42
56 43
56 44
56 45
56 46
56 47
56 48
56 49
56 50
56 51
56 52
56 53
56 54
56 55
56 56
56 57
56 58
56 60
56 62
56 64
57 34
57 36
57 38
57 40
57 42
57 44
57 46
57 48
57 50
57 52
57 54
57 56
57 58
57 60
57 62
57 64
58 34
58 36
58 38
58 39
58 40
58 41
58 42
58 43
58 44
58 45
58 46
58 47
58 48
58 49
58 50
58 51
58 52
58 53
58 54
58 55
58 56
58 57
58 58
58 59
58 60
58 62
58 64
59 34
59 36
59 38
59 40
59 58
59 60
59 62
59 64
60 34
60 36
60 37
60 38
60 39
60 40
60 41
60 42
60 43
60 44
60 45
60 46
60 47
60 48
60 49
60 50
60 51
60 52
60 53
60 54
60 55
60 56
60 57
60 58
60 59
60 60
60 61
60 62
60 64
61 34
61 36
61 38
61 60
61 62
61 64
62 34
62 35
62 36
62 37
62 38
62 39
62 40
62 41
62 42
62 43
62 44
62 45
62 46
62 47
62 48
62 49
62 50
62 51
62 52
62 53
62 54
62 55
62 56
62 57
62 58
62 59
62 60
62 61
62 62
62 63
62 64
63 34
63 36
63 62
63 64
64 34
64 35
64 36
64 37
64 38
64 39
64 40
64 41
64 42
64 43
64 44
64 45
64 46
64 47
64 48
64 49
64 50
64 51
64 52
64 53
64 54
64 55
64 56
64 57
64 58
64 59
64 60
64 61
64 62
64 63
64 64
