0 0
0 1
0 2
0 3
0 4
0 5
0 6
0 7
0 8
0 9
0 10
0 11
0 12
0 13
0 14
0 15
0 16
0 17
0 18
0 19
0 20
0 21
0 22
0 23
0 24
0 25
0 26
0 27
0 28
0 29
0 30
0 31
0 32
0 33
0 34
0 35
0 36
0 37
0 38
0 39
0 40
0 41
0 42
0 43
0 44
0 45
0 46
0 47
0 48
0 49
0 50
0 51
0 52
0 53
0 54
0 55
0 56
0 57
0 58
0 59
0 60
0 61
0 62
0 63
0 64
0 65
0 66
0 67
0 68
0 69
0 70
0 71
0 72
0 73
0 74
0 75
0 76
0 77
0 78
0 79
0 80
0 81
0 82
0 83
0 84
0 85
0 86
0 87
0 88
0 89
0 90
0 91
0 92
0 93
0 94
0 95
0 96
0 97
0 98
0 99
0 100
1 0
1 50
1 100
2 0
2 50
2 100
3 0
3 50
3 100
4 0
4 50
4 100
5 0
5 50
5 100
6 0
6 50
6 100
7 0
7 50
7 100
8 0
8 50
8 100
9 0
9 50
9 100
10 0
10 50
10 100
11 0
11 50
11 100
12 0
12 50
12 100
13 0
13 50
13 100
14 0
14 50
14 100
15 0
15 50
15 100
16 0
16 50
16 100
17 0
17 50
17 100
18 0
18 50
18 100
19 0
19 50
19 100
20 0
20 50
20 100
21 0
21 50
21 100
22 0
22 50
22 100
23 0
23 50
23 100
24 0
24 50
24 100
25 0
25 50
25 100
26 0
26 50
26 100
27 0
27 50
27 100
28 0
28 50
28 100
29 0
29 50
29 100
30 0
30 50
30 100
31 0
31 50
31 100
32 0
32 50
32 100
33 0
33 50
33 100
34 0
34 50
34 100
35 0
35 50
35 100
36 0
36 50
36 100
37 0
37 50
37 100
38 0
38 50
38 100
39 0
39 50
39 100
40 0
40 50
40 100
41 0
41 50
41 100
42 0
42 50
42 100
43 0
43 50
43 100
44 0
44 50
44 100
45 0
45 50
45 100
46 0
46 50
46 100
47 0
47 50
47 100
48 0
48 50
48 100
49 0
49 50
49 100
50 0
50 1
50 2
50 3
50 4
50 5
50 6
50 7
50 8
50 9
50 10
50 11
50 12
50 13
50 14
50 15
50 16
50 17
50 18
50 19
50 20
50 21
50 22
50 23
50 24
50 25
50 26
50 27
50 28
50 29
50 30
50 31
50 32
50 33
50 34
50 35
50 36
50 37
50 38
50 39
50 40
50 41
50 42
50 43
50 44
50 45
50 46
50 47
50 48
50 49
50 50
50 51
50 52
50 53
50 54
50 55
50 56
50 57
50 58
50 59
50 60
50 61
50 62
50 63
50 64
50 65
50 66
50 67
50 68
50 69
50 70
50 71
50 72
50 73
50 74
50 75
50 76
50 77
50 78
50 79
50 80
50 81
50 82
50 83
50 84
50 85
50 86
50 87
50 88
50 89
50 90
50 91
50 92
50 93
50 94
50 95
50 96
50 97
50 98
50 99
50 100
51 0
51 50
51 100
52 0
52 50
52 100
53 0
53 50
53 100
54 0
54 50
54 100
55 0
55 50
55 100
56 0
56 50
56 100
57 0
57 50
57 100
58 0
58 50
58 100
59 0
59 50
59 100
60 0
60 50
60 100
61 0
61 50
61 100
62 0
62 50
62 100
63 0
63 50
63 100
64 0
64 50
64 100
65 0
65 50
65 100
66 0
66 50
66 100
67 0
67 50
67 100
68 0
68 50
68 100
69 0
69 50
69 100
70 0
70 50
70 100
71 0
71 50
71 100
72 0
72 50
72 100
73 0
73 50
73 100
74 0
74 50
74 100
75 0
75 50
75 100
76 0
76 50
76 100
77 0
77 50
77 100
78 0
78 50
78 100
79 0
79 50
79 100
80 0
80 50
80 100
81 0
81 50
81 100
82 0
82 50
82 100
83 0
83 50
83 100
84 0
84 50
84 100
85 0
85 50
85 100
86 0
86 50
86 100
87 0
87 50
87 100
88 0
88 50
88 100
89 0
89 50
89 100
90 0
90 50
90 100
91 0
91 50
91 100
92 0
92 50
92 100
93 0
93 50
93 100
94 0
94 50
94 100
95 0
95 50
95 100
96 0
96 50
96 100
97 0
97 50
97 100
98 0
98 50
98 100
99 0
99 50
99 100
100 0
100 1
100 2
100 3
100 4
100 5
100 6
100 7
100 8
100 9
100 10
100 11
100 12
100 13
100 14
100 15
100 16
100 17
100 18
100 19
100 20
100 21
100 22
100 23
100 24
100 25
100 26
100 27
100 28
100 29
100 30
100 31
100 32
100 33
100 34
100 35
100 36
100 37
100 38
100 39
100 40
100 41
100 42
100 43
100 44
100 45
100 46
100 47
100 48
100 49
100 50
100 51
100 52
100 53
100 54
100 55
100 56
100 57
100 58
100 59
100 60
100 61
100 62
100 63
100 64
100 65
100 66
100 67
100 68
100 69
100 70
100 71
100 72
100 73
100 74
100 75
100 76
100 77
100 78
100 79
100 80
100 81
100 82
100 83
100 84
100 85
100 86
100 87
100 88
100 89
100 90
100 91
100 92
100 93
100 94
100 95
100 96
100 97
100 98
100 99
100 100
