0 0
0 1
0 2
0 3
0 4
0 5
0 6
0 7
0 8
0 9
0 65
0 66
0 67
0 68
0 69
0 70
0 71
0 72
0 73
0 74
1 0
1 9
1 65
2 0
2 9
2 65
3 0
3 9
3 65
4 0
4 9
4 65
5 0
5 9
5 65
6 0
6 9
6 65
7 0
7 9
7 65
8 0
8 9
8 65
9 0
9 1
9 2
9 3
9 4
9 5
9 6
9 7
9 8
9 9
9 65
9 66
9 67
9 68
9 69
9 70
9 71
9 72
9 73
9 74
65 0
65 1
65 2
65 3
65 4
65 5
65 6
65 7
65 8
65 9
65 65
65 66
65 67
65 68
65 69
65 70
65 71
65 72
65 73
65 74
66 0
66 9
66 65
66 74
67 0
67 9
67 65
67 74
68 0
68 9
68 65
68 74
69 0
69 9
69 65
69 74
70 0
70 9
70 65
70 74
71 0
71 9
71 65
71 74
72 0
72 9
72 65
72 74
73 0
73 9
73 65
73 74
74 0
74 1
74 2
74 3
74 4
74 5
74 6
74 7
74 8
74 9
74 65
74 66
74 67
74 68
74 69
74 70
74 71
74 72
74 73
74 74
