0 0
0 1
0 2
0 3
0 4
0 5
0 6
0 7
0 8
0 9
0 10
0 11
0 12
0 13
0 14
0 15
0 16
0 17
0 18
0 19
0 20
0 21
0 22
0 23
0 24
0 25
0 26
0 27
0 28
0 29
0 30
0 31
0 32
0 33
0 34
0 35
0 36
0 37
0 38
0 39
0 40
0 41
0 42
0 43
0 44
0 45
0 46
0 47
0 48
0 49
0 50
0 51
0 52
0 53
0 54
0 55
0 56
0 57
0 58
0 59
0 60
0 61
0 62
0 63
0 64
0 65
0 66
0 67
0 68
0 69
0 70
0 71
0 72
0 73
0 74
1 0
1 74
2 0
2 74
3 0
3 74
4 0
4 74
5 0
5 74
6 0
6 74
7 0
7 74
8 0
8 74
9 0
9 74
10 0
10 74
11 0
11 74
12 0
12 74
13 0
13 74
14 0
14 74
15 0
15 74
16 0
16 74
17 0
17 74
18 0
18 74
19 0
19 74
20 0
20 74
21 0
21 74
22 0
22 74
23 0
23 74
24 0
24 74
25 0
25 74
26 0
26 74
27 0
27 74
28 0
28 74
29 0
29 74
30 0
30 74
31 0
31 74
32 0
32 74
33 0
33 74
34 0
34 74
35 0
35 74
36 0
36 74
37 0
37 74
38 0
38 74
39 0
39 74
40 0
40 74
41 0
41 74
42 0
42 74
43 0
43 74
44 0
44 74
45 0
45 74
46 0
46 74
47 0
47 74
48 0
48 74
49 0
49 74
50 0
50 74
51 0
51 74
52 0
52 74
53 0
53 74
54 0
54 74
55 0
55 74
56 0
56 74
57 0
57 74
58 0
58 74
59 0
59 74
60 0
60 74
61 0
61 74
62 0
62 74
63 0
63 74
64 0
64 74
65 0
65 74
66 0
66 74
67 0
67 74
68 0
68 74
69 0
69 74
70 0
70 74
71 0
71 74
72 0
72 74
73 0
73 74
74 0
74 1
74 2
74 3
74 4
74 5
74 6
74 7
74 8
74 9
74 10
74 11
74 12
74 13
74 14
74 15
74 16
74 17
74 18
74 19
74 20
74 21
74 22
74 23
74 24
74 25
74 26
74 27
74 28
74 29
74 30
74 31
74 32
74 33
74 34
74 35
74 36
74 37
74 38
74 39
74 40
74 41
74 42
74 43
74 44
74 45
74 46
74 47
74 48
74 49
74 50
74 51
74 52
74 53
74 54
74 55
74 56
74 57
74 58
74 59
74 60
74 61
74 62
74 63
74 64
74 65
74 66
74 67
74 68
74 69
74 70
74 71
74 72
74 73
74 74
