7 7
7 8
7 9
7 11
7 12
7 13
7 14
7 15
7 16
7 17
7 24
7 25
7 26
7 27
7 28
7 30
7 31
7 32
7 34
7 35
7 36
7 37
7 38
8 7
8 9
8 11
8 17
8 24
8 28
8 30
8 32
8 34
8 38
9 7
9 9
9 11
9 13
9 14
9 15
9 17
9 24
9 26
9 27
9 28
9 30
9 32
9 34
9 36
9 37
9 38
10 7
10 9
10 11
10 13
10 15
10 17
10 24
10 26
10 30
10 32
10 34
10 36
11 7
11 9
11 11
11 13
11 15
11 17
11 24
11 26
11 30
11 32
11 34
11 36
12 7
12 9
12 11
12 13
12 15
12 17
12 24
12 26
12 30
12 32
12 34
12 36
12 37
13 7
13 9
13 11
13 13
13 15
13 17
13 24
13 26
13 30
13 32
13 34
13 37
14 7
14 9
14 11
14 13
14 15
14 17
14 24
14 26
14 30
14 32
14 34
14 36
14 37
15 2
15 3
15 7
15 9
15 11
15 13
15 15
15 17
15 24
15 26
15 30
15 32
15 34
15 36
16 2
16 4
16 5
16 6
16 9
16 11
16 13
16 15
16 17
16 24
16 26
16 30
16 32
16 34
16 36
17 2
17 9
17 11
17 13
17 14
17 15
17 17
17 24
17 26
17 27
17 28
17 30
17 32
17 34
17 36
17 37
17 38
18 2
18 9
18 11
18 17
18 24
18 28
18 30
18 32
18 34
18 38
19 2
19 3
19 4
19 5
19 6
19 7
19 8
19 11
19 12
19 13
19 14
19 15
19 16
19 17
19 24
19 25
19 26
19 27
19 28
19 30
19 31
19 32
19 34
19 35
19 36
19 37
19 38
27 12
27 13
27 14
27 15
27 16
27 20
27 21
27 22
27 23
27 24
27 28
27 29
27 30
27 31
27 32
27 33
27 34
27 39
27 40
27 41
27 42
27 43
27 46
27 47
27 48
27 49
27 50
27 51
27 52
27 54
27 55
27 56
27 57
27 58
27 59
27 60
28 12
28 17
28 20
28 25
28 28
28 34
28 38
28 43
28 46
28 52
28 54
28 60
29 12
29 14
29 15
29 18
29 20
29 22
29 23
29 26
29 28
29 30
29 31
29 32
29 34
29 37
29 41
29 42
29 43
29 46
29 47
29 48
29 49
29 50
29 52
29 54
29 56
29 57
29 58
29 60
30 12
30 14
30 16
30 18
30 20
30 22
30 24
30 26
30 28
30 30
30 32
30 34
30 37
30 40
30 50
30 52
30 54
30 56
30 58
30 60
31 12
31 14
31 16
31 18
31 20
31 22
31 24
31 26
31 28
31 30
31 32
31 34
31 37
31 40
31 50
31 52
31 54
31 56
31 58
31 60
32 12
32 14
32 15
32 18
32 20
32 22
32 23
32 26
32 28
32 30
32 32
32 34
32 38
32 41
32 49
32 52
32 54
32 56
32 57
32 58
32 60
33 12
33 17
33 20
33 25
33 28
33 30
33 32
33 34
33 39
33 42
33 48
33 51
33 54
33 60
34 12
34 14
34 15
34 16
34 20
34 23
34 24
34 28
34 30
34 32
34 34
34 40
34 43
34 47
34 50
34 54
34 56
34 57
34 58
34 60
35 12
35 14
35 20
35 23
35 28
35 30
35 32
35 34
35 40
35 43
35 46
35 49
35 54
35 56
35 58
35 60
36 12
36 14
36 20
36 24
36 28
36 30
36 32
36 34
36 36
36 39
36 43
36 46
36 48
36 54
36 56
36 58
36 60
37 12
37 14
37 20
37 22
37 25
37 28
37 30
37 31
37 32
37 34
37 36
37 37
37 38
37 42
37 46
37 48
37 49
37 50
37 51
37 52
37 54
37 56
37 58
37 60
38 12
38 14
38 20
38 22
38 23
38 26
38 28
38 34
38 36
38 41
38 46
38 52
38 54
38 56
38 58
38 60
39 12
39 13
39 14
39 20
39 21
39 22
39 24
39 25
39 26
39 28
39 29
39 30
39 31
39 32
39 33
39 34
39 36
39 37
39 38
39 39
39 40
39 46
39 47
39 48
39 49
39 50
39 51
39 52
39 54
39 55
39 56
39 58
39 59
39 60
