0 11
0 22
0 38
0 48
0 55
0 67
1 11
1 22
1 38
1 48
1 55
1 67
2 11
2 22
2 38
2 48
2 55
2 67
3 11
3 22
3 38
3 48
3 55
3 67
4 11
4 22
4 38
4 48
4 55
4 67
5 11
5 20
5 21
5 22
5 23
5 24
5 25
5 26
5 27
5 28
5 29
5 30
5 31
5 32
5 33
5 34
5 35
5 36
5 37
5 38
5 48
5 55
5 67
6 11
6 20
6 38
6 48
6 55
6 58
6 59
6 60
6 61
6 62
6 63
6 64
6 65
6 66
6 67
6 68
6 69
6 70
6 71
6 72
6 73
6 74
7 0
7 1
7 2
7 3
7 4
7 5
7 6
7 7
7 8
7 9
7 10
7 11
7 20
7 38
7 48
7 55
7 58
8 11
8 20
8 38
8 48
8 55
8 58
9 11
9 12
9 13
9 14
9 15
9 16
9 17
9 18
9 19
9 20
9 21
9 22
9 23
9 24
9 25
9 26
9 27
9 28
9 29
9 30
9 31
9 32
9 33
9 38
9 48
9 55
9 56
9 57
9 58
10 11
10 22
10 33
10 38
10 48
10 58
11 11
11 22
11 33
11 38
11 48
11 58
12 11
12 22
12 33
12 34
12 35
12 36
12 37
12 38
12 39
12 40
12 41
12 42
12 43
12 44
12 45
12 46
12 47
12 48
12 58
13 11
13 22
13 33
13 48
13 58
14 11
14 22
14 33
14 48
14 49
14 50
14 51
14 52
14 53
14 54
14 55
14 56
14 57
14 58
14 59
14 60
14 61
14 62
14 63
14 64
14 65
14 66
14 67
14 68
14 69
14 70
14 71
14 72
14 73
14 74
15 11
15 22
15 33
15 48
15 58
15 68
16 11
16 22
16 33
16 48
16 58
16 68
17 11
17 22
17 33
17 48
17 58
17 68
18 11
18 22
18 33
18 48
18 58
18 68
19 11
19 22
19 33
19 48
19 58
19 68
20 11
20 22
20 33
20 48
20 58
20 68
21 11
21 22
21 30
21 31
21 32
21 33
21 34
21 35
21 36
21 37
21 38
21 39
21 40
21 41
21 48
21 58
21 68
22 0
22 1
22 2
22 3
22 4
22 5
22 6
22 7
22 8
22 9
22 10
22 11
22 12
22 13
22 14
22 15
22 16
22 17
22 18
22 19
22 20
22 21
22 22
22 30
22 41
22 48
22 58
22 63
22 64
22 65
22 66
22 67
22 68
22 69
22 70
22 71
22 72
22 73
22 74
23 5
23 22
23 30
23 41
23 48
23 58
23 63
23 68
24 5
24 22
24 23
24 24
24 25
24 26
24 27
24 28
24 29
24 30
24 41
24 42
24 43
24 44
24 45
24 46
24 47
24 48
24 58
24 63
24 68
25 5
25 22
25 30
25 41
25 48
25 58
25 63
25 68
26 5
26 22
26 30
26 41
26 48
26 58
26 63
26 68
27 5
27 22
27 30
27 41
27 48
27 58
27 63
27 68
28 5
28 22
28 30
28 31
28 32
28 33
28 34
28 35
28 36
28 37
28 38
28 39
28 40
28 41
28 48
28 58
28 63
28 68
29 5
29 22
29 30
29 39
29 48
29 58
29 63
29 68
30 5
30 22
30 30
30 39
30 48
30 49
30 50
30 51
30 52
30 53
30 54
30 55
30 56
30 57
30 58
30 59
30 60
30 61
30 62
30 63
30 64
30 65
30 66
30 67
30 68
30 69
30 70
31 0
31 1
31 2
31 3
31 4
31 5
31 22
31 30
31 39
31 48
31 58
31 68
31 70
32 2
32 22
32 30
32 39
32 48
32 58
32 68
32 70
33 2
33 3
33 4
33 5
33 6
33 7
33 8
33 9
33 10
33 11
33 12
33 13
33 14
33 15
33 16
33 17
33 18
33 19
33 20
33 21
33 22
33 23
33 24
33 25
33 26
33 27
33 28
33 29
33 30
33 39
33 48
33 58
33 68
33 70
34 5
34 17
34 30
34 31
34 32
34 33
34 34
34 35
34 36
34 37
34 38
34 39
34 40
34 41
34 42
34 43
34 44
34 45
34 46
34 47
34 48
34 58
34 68
34 70
35 5
35 17
35 30
35 48
35 58
35 68
35 70
36 5
36 17
36 30
36 48
36 58
36 68
36 70
37 5
37 17
37 30
37 48
37 58
37 68
37 70
38 5
38 17
38 30
38 48
38 58
38 68
38 70
38 71
38 72
38 73
38 74
39 5
39 17
39 30
39 48
39 58
39 68
40 5
40 12
40 13
40 14
40 15
40 16
40 17
40 18
40 19
40 20
40 21
40 22
40 23
40 24
40 25
40 26
40 27
40 28
40 29
40 30
40 31
40 32
40 33
40 34
40 35
40 36
40 37
40 38
40 39
40 40
40 41
40 42
40 43
40 44
40 45
40 46
40 47
40 48
40 49
40 50
40 51
40 52
40 53
40 54
40 55
40 56
40 57
40 58
40 59
40 60
40 61
40 68
41 5
41 12
41 20
41 30
41 38
41 49
41 58
41 61
41 68
42 5
42 12
42 20
42 30
42 38
42 49
42 58
42 61
42 68
43 5
43 12
43 20
43 30
43 38
43 49
43 58
43 61
43 68
44 5
44 12
44 20
44 30
44 38
44 49
44 50
44 51
44 52
44 53
44 54
44 55
44 56
44 57
44 58
44 61
44 68
45 5
45 12
45 20
45 30
45 38
45 49
45 61
45 68
46 5
46 12
46 20
46 30
46 38
46 49
46 61
46 68
47 5
47 12
47 20
47 30
47 31
47 32
47 33
47 34
47 35
47 36
47 37
47 38
47 49
47 61
47 68
48 5
48 12
48 20
48 31
48 38
48 49
48 61
48 68
49 5
49 6
49 7
49 8
49 9
49 10
49 11
49 12
49 13
49 14
49 15
49 16
49 17
49 18
49 19
49 20
49 31
49 38
49 49
49 58
49 59
49 60
49 61
49 68
50 8
50 20
50 31
50 38
50 49
50 58
50 61
50 68
51 8
51 20
51 31
51 38
51 49
51 58
51 61
51 68
52 8
52 20
52 21
52 22
52 23
52 24
52 25
52 26
52 27
52 28
52 29
52 30
52 31
52 32
52 33
52 38
52 39
52 40
52 41
52 42
52 43
52 44
52 45
52 46
52 47
52 48
52 49
52 58
52 61
52 68
53 8
53 20
53 33
53 44
53 58
53 61
53 68
53 69
53 70
53 71
53 72
53 73
53 74
54 8
54 20
54 33
54 44
54 58
54 61
55 8
55 20
55 33
55 44
55 45
55 46
55 47
55 48
55 49
55 50
55 51
55 52
55 53
55 54
55 55
55 56
55 57
55 58
55 61
56 8
56 20
56 33
56 44
56 58
56 61
57 0
57 1
57 2
57 3
57 4
57 5
57 6
57 7
57 8
57 20
57 21
57 22
57 23
57 24
57 25
57 26
57 27
57 28
57 29
57 30
57 31
57 32
57 33
57 34
57 35
57 36
57 37
57 38
57 39
57 40
57 41
57 42
57 43
57 44
57 58
57 61
58 8
58 20
58 36
58 58
58 61
59 8
59 20
59 36
59 58
59 61
60 8
60 20
60 36
60 58
60 61
60 62
60 63
60 64
60 65
60 66
60 67
60 68
60 69
60 70
60 71
60 72
60 73
60 74
61 8
61 20
61 36
61 58
61 68
62 8
62 20
62 36
62 58
62 68
63 8
63 20
63 21
63 22
63 23
63 24
63 25
63 26
63 27
63 28
63 36
63 58
63 68
64 8
64 20
64 28
64 36
64 58
64 68
65 8
65 20
65 28
65 36
65 58
65 68
66 8
66 20
66 28
66 36
66 58
66 68
67 0
67 1
67 2
67 3
67 4
67 5
67 6
67 7
67 8
67 9
67 10
67 11
67 12
67 13
67 14
67 15
67 16
67 17
67 18
67 19
67 20
67 28
67 36
67 58
67 68
68 8
68 20
68 28
68 36
68 37
68 38
68 39
68 40
68 41
68 42
68 43
68 44
68 45
68 46
68 47
68 48
68 49
68 50
68 51
68 52
68 53
68 54
68 55
68 56
68 57
68 58
68 68
69 8
69 20
69 28
69 42
69 58
69 68
70 8
70 20
70 28
70 42
70 58
70 59
70 60
70 61
70 68
71 8
71 20
71 28
71 42
71 61
71 68
72 8
72 20
72 28
72 42
72 61
72 68
73 8
73 20
73 28
73 42
73 61
73 68
74 8
74 20
74 28
74 42
74 61
74 68
