9 8
9 9
9 10
9 11
9 13
9 14
9 15
9 17
9 18
9 22
9 23
9 25
9 26
9 27
10 8
10 13
10 15
10 17
10 19
10 21
10 23
10 25
11 8
11 13
11 15
11 17
11 20
11 23
11 25
12 8
12 10
12 11
12 13
12 14
12 15
12 17
12 23
12 25
12 26
13 8
13 11
13 13
13 15
13 17
13 23
13 25
14 8
14 9
14 10
14 11
14 13
14 15
14 17
14 23
14 25
14 26
14 27
19 16
19 17
19 18
19 19
19 21
19 25
19 27
19 28
19 29
19 31
19 32
20 16
20 19
20 21
20 25
20 27
20 31
20 33
21 16
21 19
21 22
21 24
21 27
21 31
21 33
22 16
22 19
22 22
22 24
22 27
22 28
22 31
22 32
23 16
23 19
23 23
23 27
23 31
23 33
24 16
24 17
24 18
24 19
24 23
24 27
24 28
24 29
24 31
24 34
