8 27
8 28
8 29
9 26
9 27
9 29
9 30
9 31
10 26
10 31
11 25
11 26
11 31
12 25
12 31
13 25
13 26
13 30
13 31
14 21
14 22
14 23
14 24
14 26
14 30
15 19
15 20
15 21
15 25
15 26
15 27
15 30
16 18
16 19
16 29
17 18
17 20
17 21
17 22
17 29
17 30
17 31
17 32
17 33
18 18
18 20
18 23
18 33
18 34
19 18
19 20
19 23
19 29
19 30
19 34
19 35
20 18
20 20
20 23
20 29
20 30
20 31
20 32
20 35
21 18
21 20
21 23
21 29
21 32
21 33
21 34
21 35
22 18
22 19
22 20
22 23
22 29
22 34
22 35
23 23
23 28
23 29
24 22
24 28
25 22
25 28
26 22
26 28
27 21
27 22
27 28
28 19
28 20
28 21
28 27
28 28
29 13
29 14
29 15
29 16
29 17
29 18
29 19
29 25
29 26
29 27
30 13
30 25
31 13
31 25
32 13
32 19
32 20
32 21
32 22
32 25
33 13
33 17
33 18
33 22
33 25
34 13
34 14
34 15
34 16
34 22
34 25
35 22
35 25
36 22
36 25
37 21
37 22
37 25
38 21
38 25
39 21
39 22
39 23
39 24
39 25
